10.707153081893921,60.11894003689139
10.720199346542358,60.120992498381575
10.731872320175171,60.123728914650485
10.736678838729858,60.12612309228432
10.746978521347046,60.12236073495127
10.758651494979858,60.11620322250967
10.768951177597046,60.11346618061753
10.760024785995483,60.10799141425134
10.755904912948608,60.10251573769144
10.759338140487671,60.09909297758875
10.763458013534546,60.096012189451585
10.770324468612671,60.08848016126707
10.774444341659546,60.08642567299757
10.780624151229858,60.078891453745584
10.784744024276733,60.07101292894805
10.790237188339233,60.0679295155885
10.803970098495483,60.06587374655814
10.818389654159546,60.06553110593185
10.819762945175171,60.06039106950267
10.818389654159546,60.05422196879309
10.819076299667358,60.04256607644921
10.819076299667358,60.03570774676191
10.814956426620483,60.033306994899334
10.810836553573608,60.02678978886578
10.816329717636108,60.02061440776629
10.820449590682983,60.017526284473746
10.824569463729858,60.02198681440102
10.830062627792358,60.02267299634843
10.834869146347046,60.01546737532471
10.836929082870483,60.00860341864866
10.838302373886108,59.998304811618084
10.841735601425171,59.998304811618084
10.847915410995483,60.001394730433155
10.850661993026733,60.00208133986373
10.854781866073608,59.998648150183946
10.864394903182983,59.99555797480881
10.867141485214233,59.99349769753375
10.874007940292358,59.98800299757609
10.884994268417358,59.98388137384696
10.901473760604858,59.980789819218444
10.911086797714233,59.980789819218444
10.918639898300171,59.98559877944167
10.925506353378296,59.98456834677781
10.926879644393921,59.9818203695085
10.933059453964233,59.97632373056763
10.937865972518921,59.96979528648016
10.937865972518921,59.96120326747794
10.941299200057983,59.95329664156904
10.948852300643921,59.95123373322609
10.951797366142273,59.94985570338964
10.950424075126648,59.94762064820064
10.947334170341492,59.94693290859274
10.945274233818054,59.9472767801802
10.943557620048523,59.94710484483233
10.94561755657196,59.94435375798595
10.94561755657196,59.94229029302891
10.93840777873993,59.93953880664634
10.931198000907898,59.935755140057914
10.922614932060242,59.92767040599606
10.912315249443054,59.899960952135814
10.907508730888367,59.88532240608112
10.90819537639618,59.87670848336335
10.907852053642273,59.870677409129506
10.90819537639618,59.86878170270315
10.912315249443054,59.86068064873737
10.919525027275085,59.855336320401015
10.922958254814148,59.84912892618659
10.925704836845398,59.8453349485658
10.928794741630554,59.841540538457245
10.932571291923523,59.83636564581127
10.934974551200867,59.835503085504534
10.936691164970398,59.832742742372
10.934287905693054,59.83101741172181
10.928108096122742,59.82722136966088
10.919525027275085,59.82756648227105
10.914718508720398,59.82722136966088
10.898582339286804,59.82532318639113
10.895492434501648,59.82256199945524
10.892402529716492,59.82049095906626
10.892059206962585,59.8180745825687
10.888282656669617,59.81514017552332
10.883132815361023,59.81444968925486
10.881072878837585,59.81151496301135
10.875579714775085,59.81272341099496
10.867683291435242,59.81341393302854
10.861160159111023,59.81186023833464
10.85601031780243,59.80996117979484
10.84948718547821,59.81065175905515
10.846053957939148,59.814622312163145
10.844680666923523,59.81652110514334
10.839187502861023,59.81617587810292
10.836440920829773,59.817211548495315
10.827857851982117,59.81755676480687
10.81927478313446,59.818247186701214
10.815498232841492,59.8208361414044
10.812751650810242,59.825150618912225
10.80382525920868,59.82463291111186
10.799362063407898,59.82325231764411
10.792495608329773,59.82325231764411
10.78356921672821,59.825150618912225
10.777389407157898,59.82618601037694
10.773269534111023,59.82394262152958
10.77086627483368,59.82394262152958
10.763999819755554,59.829982170428316
10.743743777275085,59.83860819804341
10.731040835380554,59.87722538167988
10.688812136650085,59.87619157700971
10.657913088798523,59.88480563366836
10.64898669719696,59.90942951590884
10.642463564872742,59.91132290469588
10.640403628349304,59.9137325160746
10.637313723564148,59.91493725617566
10.634567141532898,59.914076731993745
10.633880496025085,59.91493725617566
10.63353717327118,59.91700242319539
10.632850527763367,59.918379129824814
10.630447268486023,59.91958370128144
10.629417300224304,59.92147651095274
10.626670718193054,59.92233684329643
10.62701404094696,59.924573603003864
10.627700686454773,59.927842442131606
10.630447268486023,59.9316270114181
10.634567141532898,59.935067154297386
10.634223818778992,59.93799099521937
10.633193850517273,59.93988275493036
10.634567141532898,59.94504155110035
10.633880496025085,59.952606333670445
10.631133913993835,59.95535673568744
10.632163882255554,59.95776315021447
10.627357363700867,59.961888025712646
10.623924136161804,59.96223174215816
10.62426745891571,59.9651531879731
10.62152087688446,59.966527896859645
10.620490908622742,59.96858985322117
10.611221194267273,59.97683639514847
10.602638125419617,59.97735173583691
10.59680163860321,59.977867068504494
10.593368411064148,59.97683639514847
10.589935183525085,59.977867068504494
10.57757556438446,59.98628303340851
10.568649172782898,59.99194972252389
10.560066103935242,59.99469685889613
10.55663287639618,59.996585382852416
10.550796389579773,59.995383607352636
10.550796389579773,59.994353479322484
10.54564654827118,59.993838403280186
10.543929934501648,59.99744376719762
10.54015338420868,59.99898880289556
10.533973574638367,60.0007054245984
10.528480410575867,59.999503798759925
10.522300601005554,59.9998471248821
10.517494082450867,59.9998471248821
10.51165759563446,60.00465331646388
10.491401553153992,60.01580785482762
10.487281680107117,60.01941082457821
10.478355288505554,60.03210387393294
10.47148883342743,60.03021737779382
10.457412600517273,60.03210387393294
10.448829531669617,60.031074889392556
10.437156558036804,60.03021737779382
10.43475329875946,60.02558643055711
10.436469912528992,60.01666574038807
10.434409976005554,60.01357724817848
10.421363711357117,60.009287196984076
10.413467288017273,60.00585475524316
10.41278064250946,60.00276525305735
10.416900515556335,60.00173535486181
10.41827380657196,59.9972720921103
10.420333743095398,59.99297992539132
10.421707034111023,59.98782859030534
10.418960452079773,59.98405043491428
10.410377383232117,59.981474172598816
10.400764346122742,59.979584786135256
10.395271182060242,59.979584786135256
10.391151309013367,59.97924124973857
10.389778017997742,59.98181768582544
10.384284853935242,59.98078713545185
10.382224917411804,59.97683639514847
10.37707507610321,59.974259571389524
10.370551943778992,59.972197967997516
10.366432070732117,59.97030805213823
10.35887897014618,59.9682462027414
10.357162356376648,59.965325029703884
10.35235583782196,59.962403599043704
10.34960925579071,59.95965378189534
10.350295901298523,59.95570051989037
10.351669192314148,59.95295014640551
10.354072451591492,59.95191869750047
10.348922610282898,59.95140296101049
10.354072451591492,59.94349399652741
10.357162356376648,59.938850899375595
10.36334216594696,59.93730305583992
10.373298525810242,59.92887464021091
10.375701785087585,59.9237133286522
10.37707507610321,59.91080653664468
10.37261188030243,59.90942951590884
10.370208621025085,59.908052438057666
10.36711871623993,59.90753601913811
10.362312197685242,59.905470263137424
10.362655520439148,59.894106307700866
10.36334216594696,59.89307302803282
10.358535647392273,59.888422871810555
10.35235583782196,59.88601142346484
10.354415774345398,59.880671165070325
10.352012515068054,59.87774227195938
10.347549319267273,59.87653618213849
10.338279604911804,59.875674662618884
10.332443118095398,59.87533004855987
10.330039858818054,59.87464080972535
10.33141314983368,59.86740293924105
10.332443118095398,59.851198186248645
10.33587634563446,59.8479217983995
10.344802737236023,59.84102308538633
10.345832705497742,59.83964317120985
10.34960925579071,59.83964317120985
10.353042483329773,59.82446034005722
10.35338580608368,59.82256199945524
10.354759097099304,59.821871666962764
10.352012515068054,59.820145773152085
10.351217240095139,59.81928077008465
10.351732224225998,59.81807255985874
10.351560562849045,59.81677800028817
10.351646393537521,59.815310771977565
10.353363007307053,59.813584538319205
10.355079621076584,59.811815056025004
10.354993790388107,59.81069289662595
10.353706330060959,59.809613861576125
10.352848023176193,59.809139075088446
10.353706330060959,59.808318973408824
10.355079621076584,59.806635543592236
10.356109589338303,59.80603121471749
10.356023758649826,59.80447717587957
10.354993790388107,59.80300940601947
10.354221314191818,59.80240501141408
10.352762192487717,59.80205963814931
10.351560562849045,59.80154157154464
10.350873917341232,59.80028954401922
10.348985642194748,59.79938287405093
10.34692570567131,59.79856253236176
10.344093292951584,59.79692178844341
10.342805832624435,59.79407188346538
10.348470658063889,59.79100580470071
10.350959748029709,59.7898397571201
10.352075546979904,59.789191935297175
10.35516545176506,59.78858729024595
10.3586845099926,59.787421158128836
10.362203568220139,59.78716201212307
10.372846573591232,59.78595263748159
10.375678986310959,59.7845272468052
10.379713028669357,59.78422488337907
10.381429642438889,59.78383612637665
10.385978668928146,59.78478641327547
10.392158478498459,59.78513196543792
10.395248383283615,59.78595263748159
10.398767441511154,59.786557330281845
10.400999039411545,59.78681648098427
10.40211483836174,59.785995830187915
10.404003113508224,59.78508877161332
10.403917282819748,59.78422488337907
10.406663864850998,59.783922517213036
10.411384552717209,59.780941904104374
10.411384552717209,59.780337109535616
10.411899536848068,59.779991507718215
10.413787811994553,59.78016430907428
10.415504425764084,59.780855505551294
10.417907685041428,59.781071501514575
10.419881790876389,59.78059630855003
10.421684235334396,59.77930029334661
10.422800034284592,59.778695469028
10.423854812979698,59.77914875078249
10.424927696585655,59.77962396435854
10.425528511404991,59.77942955962254
10.426258072257042,59.77962396435854
10.426858887076378,59.779537562393465
10.426215156912804,59.77906234758712
10.4253139346838,59.77765826431129
10.424369797110558,59.77703180810173
10.426172241568565,59.77638373758075
10.426858887076378,59.775627639402714
10.423640236258507,59.77322961474592
10.423854812979698,59.773056777484676
10.423468574881554,59.77284072964976
10.42381189763546,59.77251665527571
10.423597320914268,59.771803680578834
10.424884781241417,59.77147959613751
10.425228103995323,59.77171725836877
10.427416786551476,59.77273270520797
10.42780302464962,59.7732080101372
10.428747162222862,59.77346726451901
10.429519638419151,59.773942558989724
10.429090484976768,59.77422341163248
10.43054960668087,59.77489312762963
10.432867035269737,59.777204624782215
10.43505571782589,59.776729376757835
10.438488945364952,59.77701020595377
10.441192612051964,59.77821990470981
10.442222580313683,59.77832791139524
10.444454178214073,59.779040746753346
10.447157844901085,59.779127150004605
10.449689850211143,59.77945116020468
10.453423485159874,59.77925675446211
10.453080162405968,59.77800389029037
10.4527797549963,59.77657816005826
10.453123077750206,59.77634053243195
10.452994331717491,59.77519557561124
10.454238876700401,59.77526038553651
10.454625114798546,59.77545481455724
10.45604132115841,59.77610290311395
10.457414612174034,59.776664569684755
10.45925997197628,59.776902195004176
10.460418686270714,59.77707501235575
10.461791977286339,59.77746384812523
10.464710220694542,59.777874280967644
10.46625517308712,59.77780947611755
10.4692592471838,59.77843591773116
10.473550781607628,59.77979676761767
10.4747524112463,59.78031517202663
10.478400215506554,59.78167594528803
10.481876358389854,59.78290707328539
10.484107956290245,59.78361981084029
10.485652908682823,59.78415975339848
10.486425384879112,59.78571473915177
10.487369522452354,59.786319436263476
10.491618141531944,59.78763677416984
10.491875633597374,59.78750720225594
10.492433533072472,59.7876151788858
10.493506416678429,59.78716167469207
10.494579300284386,59.78726965244017
10.495652183890343,59.78804708191074
10.496167168021202,59.78813346184481
10.496810898184776,59.78871652054989
10.498312935233116,59.78778794076673
10.519513115286827,59.78804708191074
10.545133575797081,59.788371005510236
10.538052543997765,59.75516328113147
10.548566803336143,59.73191768327996
10.539211258292198,59.72060258255212
10.556091070175171,59.682653592378465
10.583755373954773,59.67207757723708
10.602638125419617,59.67017056022815
10.615858063101768,59.65904898688068
10.63006304204464,59.61579428274614
10.633324608206749,59.598250925665134
10.63504122197628,59.58925857757909
10.633238777518272,59.575287432404934
10.632251724600792,59.56789754510266
10.631865486502647,59.56602808116702
10.627445206046104,59.557157581592854
10.619677528738976,59.54101945651844
10.616373047232628,59.5345794484476
10.63804529607296,59.52805115738827
10.659374222159386,59.51718963243871
10.66727064549923,59.502360943154954
10.679673179984093,59.48833192711152
10.682419762015343,59.48874591012751
10.685338005423546,59.488528024962314
10.685509666800499,59.48942134520447
10.685938820242882,59.48939955718708
10.691131576895714,59.490292854371084
10.693019852042198,59.49053251544815
10.694135650992393,59.49120791478537
10.695122703909874,59.492406170681754
10.696324333548546,59.49340831568136
10.705679878592491,59.49090289740294
10.707010254263878,59.49096825850258
10.707139000296593,59.49075038767835
10.709113106131554,59.490162129430196
10.71018598973751,59.489355981110116
10.70971392095089,59.48861517919711
10.710314735770226,59.48652341547185
10.712031349539757,59.48148957794867
10.712031349539757,59.48127164596017
10.712975487112999,59.48085757130794
10.713662132620811,59.47850378737147
10.714262947440147,59.47774095182988
10.715593323111534,59.4774358127896
10.717138275504112,59.47721785464472
10.718597397208214,59.476389600868465
10.71842573583126,59.47525616805571
10.720153748989105,59.473513372804405
10.723415315151215,59.473513372804405
10.725646913051605,59.4720310575898
10.72925180196762,59.47255423509155
10.733886659145355,59.474995622986285
10.738349854946136,59.477959928259295
10.742126405239105,59.47961633850203
10.743328034877777,59.481534185729174
10.74761756930161,59.48319042069996
10.753456056118011,59.48362625850887
10.753248184919357,59.48480231152991
10.749986618757248,59.48641480636219
10.748355835676193,59.48802722419829
10.747411698102951,59.49125182889143
10.747154206037521,59.49221043576395
10.749042481184006,59.49290758730264
10.751960724592209,59.49273330076766
10.755737274885178,59.493125444206115
10.75693890452385,59.493125444206115
10.759771317243576,59.495434640950236
10.76191708445549,59.49486824882248
10.762775391340256,59.49395328761766
10.764234513044357,59.49395328761766
10.768611878156662,59.494693972409706
10.773246735334396,59.49512966175464
10.777624100446701,59.49512966175464
10.779512375593185,59.4956524815458
10.77839657664299,59.49735158994411
10.77642247080803,59.49939911975633
10.774620026350021,59.500967356457885
10.773075073957443,59.506673380545344
10.772130936384201,59.51007040227515
10.77238842844963,59.51098492661012
10.774791687726974,59.51272680914126
10.776336640119553,59.514947578924186
10.777967423200607,59.51708112197745
10.77891156077385,59.52047709578232
10.77916905283928,59.52234908896725
10.7816581428051,59.52361153732218
10.780971497297287,59.52435157127927
10.781572312116623,59.52491746864009
10.782001465559006,59.525701003152044
10.781228989362717,59.526136292235115
10.78062817454338,59.52622334937733
10.780370682477951,59.52726801754989
10.781572312116623,59.528660858093154
10.782945603132248,59.529226683126204
10.783288925886154,59.53066296555761
10.78440472483635,59.531794538917445
10.78440472483635,59.53262143388849
10.786550492048264,59.534014053250075
10.786464661359787,59.53571123030096
10.785091370344162,59.53692966368332
10.78440472483635,59.53810453986839
10.783975571393967,59.54054118952797
10.782773941755295,59.54141137884917
10.782173126935959,59.542977662995376
10.782688111066818,59.54393480079659
10.780542343854904,59.54450036944361
10.78466221690178,59.547197566221705
10.78062817454338,59.54815458413855
10.778053253889084,59.54876358138395
10.777109116315842,59.54845908413753
10.776079148054123,59.548676582451556
10.774448364973068,59.548981077731845
10.77290341258049,59.54919857267537
10.772474259138107,59.55089498503792
10.771530121564865,59.551329948804415
10.771787613630295,59.55189539330316
10.773075073957443,59.55228684931824
10.774019211530685,59.55285227775203
10.775564163923264,59.55315673528447
10.77642247080803,59.553852627880474
10.778053253889084,59.55420056878623
10.780113190412521,59.55485294829542
10.779855698347092,59.55537484280352
10.781829804182053,59.55576625837675
10.783117264509201,59.555635787024514
10.786207169294357,59.55694047779938
10.787237137556076,59.557288386802085
10.787580460309982,59.5583755792674
10.788610428571701,59.55798419402377
10.790584534406662,59.55815814358258
10.789554566144943,59.55867998686727
10.790927857160568,59.55907136402326
10.792215317487717,59.55950622219443
10.793588608503342,59.55959319315471
10.79461857676506,59.559680163890334
10.796335190534592,59.560115014198686
10.797708481550217,59.56041940607285
10.797708481550217,59.561419531426466
10.798824280500412,59.562158735419196
10.800197571516037,59.56189784174563
10.800283402204514,59.562463108816374
10.802085846662521,59.56298488538073
10.801742523908615,59.563680574886945
10.803716629743576,59.563941454745304
10.80663487315178,59.56441972923483
10.808179825544357,59.564289291411576
10.807750672101974,59.56381101506882
10.808694809675217,59.563680574886945
10.809638947248459,59.56311532825827
10.810239762067795,59.56346317346062
10.812213867902756,59.562115253280645
10.813243836164474,59.56168042880662
10.813158005475998,59.56233266341167
10.814187973737717,59.56281096075784
10.81435963511467,59.562463108816374
10.815475434064865,59.56255007213869
10.817314088344574,59.56215941482716
10.81817239522934,59.56328993069388
10.819374024868011,59.56233334281614
10.821948945522308,59.56328993069388
10.823322236537933,59.56433345010624
10.824695527553558,59.565463892967124
10.828472077846527,59.565289981151736
10.831046998500824,59.56494215482544
10.832591950893402,59.56624648501739
10.83465188741684,59.56581171390238
10.846496522426605,59.56963750699194
10.84460824728012,59.5718110593392
10.845981538295746,59.57320205917282
10.84563821554184,59.57441913686279
10.84512323141098,59.57511459006478
10.849929749965668,59.57685316018664
10.854049623012543,59.577722411560934
10.852504670619965,59.57833087416087
10.847526490688324,59.57850471859686
10.842033326625824,59.57902624651517
10.83911508321762,59.58076461452266
10.837226808071136,59.58154685082083
10.837741792201996,59.58311126885047
10.841518342494965,59.58432798812999
10.843921601772308,59.586152984529825
10.845294892787933,59.5869350955315
10.85061639547348,59.58545775948211
10.854392945766449,59.585979179615094
10.857139527797699,59.58710889550646
10.859027802944183,59.58945510726555
10.860057771205902,59.590932267735056
10.858684480190277,59.59258313500525
10.865722596645355,59.593538863223046
10.867954194545746,59.59362574625947
10.870872437953949,59.59579774920719
10.868812501430511,59.59953326607128
10.867439210414886,59.602139194823394
10.865894258022308,59.60352894088717
10.86709588766098,59.60604770916899
10.867782533168793,59.60726359871097
10.873275697231293,59.60674250857968
10.874134004116058,59.605526600184156
10.882888734340668,59.6046580672533
10.883918702602386,59.604571212725716
10.887523591518402,59.60656881007368
10.891986787319183,59.608218909632974
10.889755189418793,59.6099557690063
10.889411866664886,59.61169253860707
10.88683694601059,59.61143202888984
10.885978639125824,59.6120398817548
10.884948670864105,59.612908223914566
10.883747041225433,59.614297524691324
10.88306039571762,59.614818497671294
10.882030427455902,59.61464484090894
10.88031381368637,59.61551311574433
10.879455506801605,59.61594724474672
10.879455506801605,59.61759688379187
10.879455506801605,59.61811780560775
10.879627168178558,59.618638719345356
10.883403718471527,59.61933325842952
10.885463654994965,59.61872553751627
10.888725221157074,59.620288226221476
10.887523591518402,59.62141678951688
10.890785157680511,59.62306615996772
10.89507669210434,59.62176403213262
10.899711549282074,59.62115635519905
10.899711549282074,59.62046185381207
10.901428163051605,59.6209827311986
10.906749665737152,59.62046185381207
10.907264649868011,59.62202446173843
10.909152925014496,59.62350019136068
10.910354554653168,59.62280573843949
10.910697877407074,59.627059037204305
10.911899507045746,59.63053071847215
10.914131104946136,59.63209285793512
10.91601938009262,59.63174572211368
10.917907655239105,59.628794922707996
10.920997560024261,59.627232629793035
10.92425912618637,59.62836095974526
10.93078225851059,59.62974962148334
10.93524545431137,59.63157215285696
10.935932099819183,59.632353207445696
10.934902131557465,59.635216918810315
10.93301385641098,59.63651852503798
10.932327210903168,59.63920835130672
10.935588777065277,59.63938188108323
10.936962068080902,59.64024951650767
10.938163697719574,59.64155092758849
10.93799203634262,59.64293904378341
10.937477052211761,59.644847609799925
10.93850702047348,59.647363280968484
10.942455232143402,59.64692955801641
10.946575105190277,59.648404193178294
10.948463380336761,59.64901137705383
10.947605073451996,59.649965500942265
10.949836671352386,59.65031244835581
10.950866639614105,59.64953181162957
10.952926576137543,59.64909811671043
10.954299867153168,59.64779699831387
10.95447152853012,59.64692955801641
10.956874787807465,59.64666932155394
10.95773309469223,59.64467410828406
10.956188142299652,59.64319930917776
10.956359803676605,59.64137740902689
10.957046449184418,59.64033627881647
10.957561433315277,59.636692068721615
10.95996469259262,59.635477244093586
10.961681306362152,59.63591111507931
10.961681306362152,59.637993617749096
10.963397920131683,59.63981570159923
10.962882936000824,59.642505263640466
10.963054597377777,59.644934360221455
10.964942872524261,59.643980093249354
10.968547761440277,59.64762351204853
10.971637666225433,59.64892463717296
10.973010957241058,59.65100633241871
10.977817475795746,59.65196039957099
10.981250703334808,59.6554295059419
10.982795655727386,59.6571639245867
10.984512269496918,59.66071920241945
10.983825623989105,59.66089262096523
10.982280671596527,59.66045907291922
10.978847444057465,59.66071920241945
10.97369760274887,59.661672993323
10.970607697963715,59.661672993323
10.971809327602386,59.664707602079424
10.971294343471527,59.66817539008683
10.967517793178558,59.668868904645784
10.962196290493011,59.671382774654646
10.958591401576996,59.67259629959948
10.953784883022308,59.67328972269928
10.953613221645355,59.67658328651655
10.953784883022308,59.67909657799355
10.955329835414886,59.68134971354884
10.956188142299652,59.68308279165065
10.955844819545746,59.68481578010837
10.957904756069183,59.68663532151284
10.959621369838715,59.69018747467199
10.964427888393402,59.69330612784715
10.968963503837585,59.70534622227196
10.988876223564148,59.70534622227196
10.994712710380554,59.70257509712033
10.999519228935242,59.702748299162906
11.011878848075867,59.700323389020795
11.019431948661804,59.696512461066796
11.027671694755554,59.69478007769695
11.034194827079773,59.692181334597144
11.043464541435242,59.69183482028065
11.04998767375946,59.69599275546614
11.051704287528992,59.69928408804933
11.060630679130554,59.69859120281192
11.06749713420868,59.69945730711827
11.085349917411804,59.70066981550885
11.090499758720398,59.70015017443259
11.102516055107117,59.702921500309394
11.10491931438446,59.70222869034688
11.099769473075867,59.69599275546614
11.100799441337585,59.69235459041099
11.108352541923523,59.69114178089213
11.111099123954773,59.69374060465594
11.116248965263367,59.696512461066796
11.129981875419617,59.70136265773137
11.135818362236023,59.70136265773137
11.14337146282196,59.69304760470361
11.14989459514618,59.68577023937406
11.159507632255554,59.68369070171541
11.171523928642273,59.682477578468905
11.193496584892273,59.685250367060945
11.198989748954773,59.68265088447918
11.213409304618835,59.68334409955576
11.22954547405243,59.68282418959299
11.22851550579071,59.695646280584626
11.231948733329773,59.71625529785833
11.237098574638367,59.732006574417866
11.242591738700867,59.73996593606173
11.24327838420868,59.74515580327285
11.241905093193054,59.75051781950903
11.237098574638367,59.75708943994014
11.247398257255554,59.76106637172688
11.252891421318054,59.769364530309154
11.259071230888367,59.769191673037106
11.264564394950867,59.76538858663148
11.273834109306335,59.76348688099036
11.291000247001648,59.761239271063516
11.306793093681335,59.75847277426781
11.32018268108368,59.75847277426781
11.33288562297821,59.754668467015
11.344215273857117,59.75345791475738
11.344215273857117,59.74948007706161
11.352455019950867,59.744809837196016
11.361038088798523,59.74186898094134
11.364814639091492,59.73356398993089
11.373054385185242,59.727680039587305
11.370651125907898,59.72300675321935
11.36859118938446,59.720756419487515
11.366187930107117,59.71365822144605
11.368247866630554,59.70915614480964
11.367217898368835,59.702055485616
11.367561221122742,59.697551848070695
11.374770998954773,59.696512461066796
11.383010745048523,59.69044872716286
11.39880359172821,59.68680995979783
11.407729983329773,59.67987788073913
11.42455279827118,59.67381113491659
11.436225771903992,59.67259765395544
11.453391909599304,59.67329107702722
11.464378237724304,59.6677432907539
11.47570788860321,59.65872617959867
11.48223102092743,59.64745138025803
11.501800417900085,59.63565214900938
11.503517031669617,59.63131315331315
11.50145709514618,59.62836231588825
11.503860354423523,59.62645281229659
11.50145709514618,59.62489041040705
11.496993899345398,59.62298070937635
11.48120105266571,59.62367515867954
11.478797793388367,59.624195986233325
11.477767825126648,59.605441104969756
11.47673785686493,59.60109820480943
11.483260989189148,59.598665935601204
11.489784121513367,59.59536471731803
11.494590640068054,59.59380086919742
11.498023867607117,59.5950172017994
11.501800417900085,59.597449735000254
11.50695025920868,59.599187150961264
11.519996523857117,59.60144565747286
11.51965320110321,59.60335658292448
11.519996523857117,59.60596221528024
11.521369814872742,59.607178107915374
11.524459719657898,59.608741333806655
11.528236269950867,59.60926239294419
11.529952883720398,59.61134654869875
11.526862978935242,59.61360423822325
11.529266238212585,59.61516716517899
11.529266238212585,59.617077310496434
11.532012820243835,59.617771881865444
11.53716266155243,59.61742459797614
11.539222598075867,59.61759824036958
11.545745730400085,59.61829280096753
11.541282534599304,59.62992455624229
11.532699465751648,59.639122941790376
11.545745730400085,59.64432845805903
11.55535876750946,59.64415495385882
11.561195254325867,59.64554296234134
11.56737506389618,59.642766887960256
11.585227847099304,59.64745138025803
11.595184206962585,59.651961754760734
11.60033404827118,59.656298081490235
11.61406695842743,59.660460427765585
11.627456545829773,59.66583602715538
11.628143191337585,59.66895694745994
11.62402331829071,59.67710464749575
11.636726260185242,59.67519791650456
11.646682620048523,59.6757179448064
11.650459170341492,59.67294436728459
11.661445498466492,59.68455719142709
11.670028567314148,59.68992892745461
11.669685244560242,59.697898303235796
11.67620837688446,59.70222869034688
11.684791445732117,59.70707805900461
11.691314578056335,59.70950247989992
11.696121096611023,59.71279248451405
11.69818103313446,59.71573589870164
11.702987551689148,59.71833281385896
11.707794070243835,59.72006397865242
11.70195758342743,59.72369913314298
11.697494387626648,59.73529436653482
11.678611636161804,59.74186898094134
11.686508059501648,59.74273396552474
11.69818103313446,59.74671260629921
11.708824038505554,59.7498259947918
11.715003848075867,59.752593207717446
11.721870303153992,59.756224826893565
11.725990176200867,59.760720570368406
11.73114001750946,59.758645687030764
11.735603213310242,59.75795403060834
11.741439700126648,59.759164419948895
11.74864947795868,59.76002895691057
11.75585925579071,59.76054766834654
11.762725710868835,59.76383265370745
11.768905520439148,59.76659870656405
11.765815615653992,59.771957282001594
11.769248843193054,59.77385850527547
11.775428652763367,59.774204170601344
11.778175234794617,59.77731499746735
11.78160846233368,59.77904310934521
11.78710162639618,59.78094392906779
11.793281435966492,59.78301742711312
11.800147891044617,59.78388134660797
11.808387637138367,59.78388134660797
11.82006061077118,59.78509079632509
11.827613711357117,59.78509079632509
11.837913393974304,59.78560911849849
11.843406558036804,59.78612743262024
11.84477984905243,59.78526357127754
11.85851275920868,59.78388134660797
11.875335574150085,59.781462315657535
11.880828738212585,59.78042553442562
11.895591616630554,59.78284464053012
11.89971148967743,59.78094392906779
11.90692126750946,59.78128952102231
11.910354495048523,59.78578189076704
11.913764923810959,59.787464348934094
11.916940659284592,59.788328153297904
11.9187431037426,59.78927831226706
11.919687241315842,59.78906236942301
11.921918839216232,59.79018525694866
11.924150437116623,59.790487566363375
11.92698284983635,59.79070349998233
11.926590912044048,59.792613945525744
11.926011554896832,59.79396342168915
11.925625316798687,59.794157741759776
11.924960128962994,59.794557173905304
11.92453097552061,59.79477308118157
11.924209110438824,59.794967396535235
11.923758499324322,59.7951725059582
11.921741478145123,59.795841801617655
11.92131232470274,59.795982136101
11.921011917293072,59.796284392982734
11.920775882899761,59.79648949430672
11.920604221522808,59.79664062079099
11.92030381411314,59.79673777316925
11.919981949031353,59.7968673092334
11.920089237391949,59.79724511988009
11.918930523097515,59.79739624294036
11.918436996638775,59.797860402343865
11.917986385524273,59.79787119667171
11.916634552180767,59.7981194652484
11.916012279689312,59.79828137854182
11.91506814211607,59.79888584789162
11.914638988673687,59.79925284179429
11.914209835231304,59.799436337231114
11.913952343165874,59.79981411877476
11.9133086130023,59.80017030888169
11.913158409297466,59.80042935384255
11.912858001887798,59.800504908243724
11.912450306117535,59.80042935384255
11.912042610347271,59.80042935384255
11.91157054156065,59.80087188432873
11.911098472774029,59.801055370856766
11.910948269069195,59.80131440894224
11.91058348864317,59.801584238141416
11.909875385463238,59.80151947933274
11.909939758479595,59.80168137611863
11.91006850451231,59.80185406515715
11.909510605037212,59.80219944055122
11.90905999392271,59.80269591141282
11.908845417201519,59.80296572943283
11.908716671168804,59.80334347099267
11.908394806087017,59.803451396366626
11.90858792513609,59.80357011387446
11.908759586513042,59.8037212082731
11.908394806087017,59.80414211048747
11.9078154489398,59.80441191680454
11.90757941454649,59.804768057799954
11.906914226710796,59.80549112023957
11.90631341189146,59.806052292220315
11.905905716121197,59.806667412193654
11.905798427760601,59.80696957223417
11.905626766383648,59.80759546646331
11.905390731990337,59.80862061265929
11.905691139400005,59.80891196424611
11.904918663203716,59.80983995603155
11.904875747859478,59.81026078100152
11.90481137484312,59.810811082561315
11.904532425105572,59.811210315261384
11.903631202876568,59.81194402775413
11.902708522975445,59.81227850897197
11.902021877467632,59.81254824944461
11.901142112910748,59.812785619254775
11.899640075862408,59.81330351115452
11.898781768977642,59.81370271400163
11.89758013933897,59.8141990135764
11.896614544093609,59.814803194388006
11.895884983241558,59.81520237927232
11.895563118159771,59.81543973018009
11.89509104937315,59.81567707939743
11.894704811275005,59.81582811892836
11.894404403865337,59.81611940751912
11.894279597327113,59.81646720579585
11.892766831442714,59.81743274524719
11.892053363844752,59.81800450402438
11.891207210719585,59.818730102693046
11.890477649867535,59.81972254472189
11.890670768916607,59.82001379927217
11.890563480556011,59.82020796755796
11.890241615474224,59.820477643855604
11.889876835048199,59.820639448586526
11.889941208064556,59.82098462938635
11.889662258327007,59.82139452694149
11.88936185091734,59.82167498025794
11.88861083239317,59.82193385814706
11.888567917048931,59.82204172334057
11.888267509639263,59.822214306923755
11.88833188265562,59.82232217120927
11.888396255671978,59.82239767600138
11.88835334032774,59.82252711238972
11.887773983180523,59.822613403035916
11.887194626033306,59.82265654827518
11.886915676295757,59.822796769916984
11.88659381121397,59.82310956991435
11.886465065181255,59.82345472512389
11.88607882708311,59.823875378200775
11.885199062526226,59.82453331210638
11.884169094264507,59.82512652006227
11.882409565150738,59.825795214547426
11.88084315508604,59.82629133404003
11.880800239741802,59.826517820917076
11.88037108629942,59.82669038131363
11.879963390529156,59.826744306254255
11.87983464449644,59.82702471453823
11.878997795283794,59.8274237530265
11.878504268825054,59.82756395460379
11.878053657710552,59.827628662825056
11.877774707973003,59.82769337092062
11.877517215907574,59.82791984826513
11.876894943416119,59.82818946214373
11.876229755580425,59.82838358278503
11.875929348170757,59.828588486679116
11.875307075679302,59.82882574224485
11.874513141810894,59.82884731084886
11.87363337725401,59.82873946768922
11.872903816401958,59.828642408547
11.872066967189312,59.82861005543673
11.871423237025738,59.82872868335403
11.87088679522276,59.82877182067376
11.870436184108257,59.82873946768922
11.870221607387066,59.82859927105967
11.869749538600445,59.82853456472392
11.869341842830181,59.82867476162582
11.86884831637144,59.82881495793761
11.868311874568462,59.82895515365932
11.867968551814556,59.82892280085283
11.867904178798199,59.82904142765631
11.867410652339458,59.82904142765631
11.867174617946148,59.829084564570984
11.866788379848003,59.829170838232784
11.86638068407774,59.8291816224248
11.865994445979595,59.829224759157924
11.865930072963238,59.82934338488596
11.865844242274761,59.829526714725546
11.865458004176617,59.82960220318976
11.864921562373638,59.8296129872421
11.864428035914898,59.82959141913391
11.864213459193707,59.82971004355611
11.863913051784039,59.82972082757351
11.863290779292583,59.8297747476083
11.862689964473248,59.82981788357326
11.862239353358746,59.82987180345093
11.862089149653912,59.82999042687452
11.861509792506695,59.8299365071889
11.86065148562193,59.82969925953517
11.8593854829669,59.82959141913391
11.85786198824644,59.82955906694544
11.856531612575054,59.82973161158746
11.855716221034527,59.830011994724316
11.855093948543072,59.830141401529886
11.853484623134136,59.830195320883796
11.853034012019634,59.83038942983515
11.852819435298443,59.830723725932906
11.852325908839703,59.831262906117
11.851982586085796,59.8315648432074
11.850974075496197,59.83241672238438
11.848120205104351,59.83424980621191
11.844450943171978,59.8365464100124
11.841232292354107,59.838476297296346
11.841274201869965,59.839555577070925
11.840415894985199,59.84084925169054
11.838699281215668,59.84084925169054
11.83612436056137,59.84145294931019
11.834579408168793,59.842142876042374
11.833549439907074,59.842574072989265
11.834236085414886,59.84343645012774
11.834236085414886,59.845506064113216
11.838527619838715,59.84688573528456
11.838184297084808,59.848265349269205
11.83612436056137,59.85042088163882
11.83389276266098,59.850334663024526
11.834236085414886,59.85214520701783
11.83389276266098,59.85343839241933
11.835437715053558,59.85585220404261
11.836517304182053,59.85860995807013
11.836173981428146,59.86059243657641
11.835916489362717,59.86287645012183
11.834972351789474,59.86468631174166
11.83359906077385,59.864901764898605
11.833427399396896,59.86533266702553
11.834028214216232,59.86606518782932
11.833427399396896,59.867573268095406
11.831453293561935,59.86800413561105
11.829908341169357,59.86821956727554
11.827419251203537,59.86933978943441
11.826217621564865,59.87076155552479
11.823814362287521,59.87218326082736
11.821926087141037,59.87351874680051
11.820896118879318,59.87369106366405
11.821754425764084,59.87416493043386
11.82287022471428,59.876017253914135
11.82432934641838,59.87860171886409
11.825187653303146,59.87989387599343
11.82484433054924,59.88075528617476
11.823041886091232,59.880970635232046
11.822183579206467,59.88217656416943
11.820810288190842,59.882736444874865
11.81909367442131,59.882478039567395
11.818235367536545,59.8829948481733
11.81711956858635,59.88351164874314
11.817291229963303,59.88407150695872
11.817634552717209,59.88463135574324
11.817205399274826,59.88579408846919
11.817205399274826,59.88691371857175
11.81883618235588,59.888162492261166
11.820552796125412,59.889411219022385
11.821325272321701,59.890573784512526
11.821926087141037,59.89160714191107
11.822956055402756,59.89251130327087
11.823041886091232,59.89285573922134
11.82158276438713,59.892726576158374
11.82012364268303,59.892554357959966
11.81935116648674,59.89233908395654
11.818664520978928,59.89186547623897
11.817462891340256,59.891521030022076
11.815660446882248,59.89177936501951
11.812570542097092,59.89238213886881
11.812828034162521,59.894534813344016
11.812742203474045,59.89530974200925
11.81136891245842,59.89574025012342
11.809909790754318,59.89617075265837
11.80862233042717,59.89694564316189
11.806905716657639,59.89750527506149
11.805017441511154,59.89858146375281
11.804931610822678,59.89901192946629
11.805961579084396,59.89978675369188
11.807163208723068,59.90094895613944
11.808021515607834,59.90176677792762
11.80810734629631,59.90219720235883
11.807678192853928,59.90297195227726
11.806905716657639,59.905037863698816
11.806648224592209,59.90628595623545
11.806648224592209,59.90706061076654
11.805189102888107,59.909126267829
11.804931610822678,59.909943888247156
11.804931610822678,59.91144997841452
11.806219071149826,59.912138454020614
11.806905716657639,59.912912972010744
11.806734055280685,59.91338627966446
11.80613324046135,59.91390260759014
11.80587574839592,59.91433287472665
11.804931610822678,59.91433287472665
11.804502457380295,59.91476313628602
11.80510327219963,59.9156236426736
11.805274933576584,59.916269007824695
11.805532425642014,59.91717249795553
11.804674118757248,59.91824804937799
11.803729981184006,59.9182050279903
11.802442520856857,59.91885034295018
11.803300827741623,59.91992584000027
11.804931610822678,59.92031301040622
11.805789917707443,59.92065715808618
11.806734055280685,59.921087337667366
11.808708161115646,59.92151751167218
11.809995621442795,59.922463874854145
11.811798065900803,59.92293704632427
11.812742203474045,59.92323815192865
11.812999695539474,59.92405542479607
11.816261261701584,59.927152276151716
11.817977875471115,59.92874360121891
11.81960865855217,59.92943171814818
11.820981949567795,59.930162826746404
11.821496933698654,59.930377855620605
11.817033737897873,59.93313010210913
11.819179505109787,59.935409133378215
11.81711956858635,59.93816096241835
11.815574616193771,59.93966577234627
11.814887970685959,59.94065461026109
11.81188389658928,59.941557436517506
11.808708161115646,59.94267518734882
11.808965653181076,59.94374991222955
11.80913731455803,59.94551238562022
11.80862233042717,59.94671597214303
11.804759949445724,59.94882214341432
11.800554245710373,59.951057117593166
11.795661896467209,59.954237397958096
11.793001145124435,59.956042286197615
11.793344467878342,59.95784707613891
11.794288605451584,59.959694735436194
11.79488942027092,59.96248751321468
11.796005219221115,59.966654759208645
11.798751801252365,59.96961876976367
11.801412552595139,59.97288317008328
11.802270859479904,59.97378511869753
11.80287167429924,59.97481588703325
11.804073303937912,59.975030626398
11.804502457380295,59.97546010094973
11.80536076426506,59.976791436661124
11.805961579084396,59.97760739015502
11.806476563215256,59.97906746727394
11.80639073252678,59.980055129990745
11.807163208723068,59.98082806286878
11.807764023542404,59.982502688864486
11.80810734629631,59.98439190880174
11.809308975934982,59.98563701753652
11.809566468000412,59.98671034954362
11.81059643626213,59.98782657790838
11.81085392832756,59.98911448693513
11.812398880720139,59.98958670768733
11.814201325178146,59.990230634217724
11.815488785505295,59.99151844969037
11.817205399274826,59.99310668641866
11.818750351667404,59.994136853266035
11.821325272321701,59.99439438996649
11.825530976057053,59.994480235087835
11.829307526350021,59.994437312555014
11.831539124250412,59.99503822294773
11.833255738019943,59.996025409186466
11.834114044904709,59.99744175538537
11.835401505231857,59.99963053479413
11.835916489362717,60.002248296448045
11.836517304182053,60.00443675784508
11.837289780378342,60.00675379444001
11.838233917951584,60.008384204365704
11.837547272443771,60.00919937918527
11.836173981428146,60.0099287290956
11.83583065867424,60.01087256980545
11.835916489362717,60.01220248144221
11.836774796247482,60.01331784995669
11.837633103132248,60.01391841741798
11.838405579328537,60.01374682782794
11.83909222483635,60.01421869705761
11.838663071393967,60.01511951961274
11.839521378278732,60.01584873894158
11.838491410017014,60.01627768397415
11.834371536970139,60.017135557342264
11.831367462873459,60.017864732201254
11.829050034284592,60.01889412814927
11.819436997175217,60.02369755205518
11.822183579206467,60.0301724918081
11.822526901960373,60.03527436500925
11.82209774851799,60.042175645325436
11.822956055402756,60.04466146753916
11.822441071271896,60.04654713887781
11.822183579206467,60.04770420206609
11.82235524058342,60.05096090296961
11.822698563337326,60.05198926809115
11.81737706065178,60.05653083085284
11.818149536848068,60.05850150328933
11.816518753767014,60.05854434268764
11.812227219343185,60.056016723038425
11.808965653181076,60.0535746015567
11.805446594953537,60.05207496373857
11.79137036204338,60.047832762139585
11.79137036204338,60.048689816503206
11.789825409650803,60.050232458292314
11.787593811750412,60.05168933157328
11.786306351423264,60.05254628582273
11.788795441389084,60.0544743515457
11.788452118635178,60.06068624170131
11.786735504865646,60.06595472165504
11.785963028669357,60.066639990550236
11.786735504865646,60.06715393288075
11.788022965192795,60.067453728876146
11.788280457258224,60.067839176867096
11.78862378001213,60.068481580177476
11.790082901716232,60.06865288561417
11.78965374827385,60.06895266798784
11.78965374827385,60.069423749070864
11.790254563093185,60.069894823426644
11.78991124033928,60.07053718670677
11.790254563093185,60.071093891431055
11.790597885847092,60.07195034189122
11.790340393781662,60.07220727269285
11.789052933454514,60.07220727269285
11.788194626569748,60.07237855878208
11.787336319684982,60.07216445103157
11.786478012800217,60.07259266514273
11.78613469004631,60.072892411712715
11.78613469004631,60.07370599581401
11.78664967417717,60.07417700901566
11.786735504865646,60.074348284875796
11.784933060407639,60.074947743381635
11.784933060407639,60.07546155628586
11.785018891096115,60.07627507701284
11.784761399030685,60.076917316042994
11.783302277326584,60.07760235722243
11.781585663557053,60.0779876866322
11.7814140021801,60.07862989230937
11.781328171491623,60.07940052261269
11.781843155622482,60.079743019188754
11.778320074081421,60.08882256352951
11.773513555526733,60.091904023837245
11.764587163925171,60.09224639053253
11.763213872909546,60.09532753074679
11.756347417831421,60.096012189451585
11.737121343612671,60.09703915083654
11.728194952011108,60.100462124301494
11.719955205917358,60.10217347768285
11.713088750839233,60.10388474216762
11.701415777206421,60.108333613814
11.696609258651733,60.112097574351125
11.678069829940796,60.11415046242039
11.654723882675171,60.12201868114051
11.640304327011108,60.12954304394771
11.627258062362671,60.13672378568074
11.621764898300171,60.143902960379506
11.611465215682983,60.14800464244354
11.597732305526733,60.155864769868685
11.586745977401733,60.162698135920245
11.590865850448608,60.168505380114745
11.573013067245483,60.17328704592433
11.566833257675171,60.1753361182244
11.561340093612671,60.176702095412786
11.560653448104858,60.18079968613939
11.568893194198608,60.18967604565351
11.575073003768921,60.19513722807076
11.577132940292358,60.200256261412555
11.581939458847046,60.202986086037235
11.583999395370483,60.21015079517366
11.581939458847046,60.216631802798474
11.584686040878296,60.22379353178137
11.581939458847046,60.22924903725933
11.580566167831421,60.231976449513766
11.581252813339233,60.23708973573834
11.587432622909546,60.24492855834263
11.593612432479858,60.24765466567733
11.597045660018921,60.25072126521348
11.601165533065796,60.25855682614662
11.599792242050171,60.264347122554845
11.602538824081421,60.26911483287692
11.581939458847046,60.27524372556
11.559966802597046,60.28035025915762
11.547607183456421,60.28511563796727
11.531127691268921,60.290560934964546
11.518081426620483,60.296345569446096
11.509841680526733,60.30485052547446
11.499541997909546,60.314033392122504
11.475509405136108,60.33307111029347
11.466583013534546,60.331031885712186
11.455596685409546,60.334430522565974
11.445297002792358,60.33578987821502
11.439803838729858,60.338508419649116
11.430877447128296,60.34088695762349
11.431564092636108,60.34530378243532
11.424697637557983,60.351418398883254
11.421264410018921,60.35617341921906
11.419204473495483,60.35990902023363
11.418517827987671,60.36228599803995
11.420577764511108,60.365341857705054
11.418517827987671,60.368736921347256
11.410964727401733,60.373149975386454
11.398605108261108,60.37824121823318
11.392425298690796,60.38808203200082
11.387618780136108,60.40097239142281
11.385558843612671,60.40504197095079
11.342300176620483,60.4589158763097
11.334060430526733,60.46027004354367
11.316207647323608,60.463316713334315
11.304534673690796,60.46670156668995
11.291488409042358,60.47177818499894
11.281875371932983,60.479899122820086
11.272948980331421,60.48565022415634
11.261276006698608,60.49140030594714
11.252349615097046,60.49478223079176
11.241363286972046,60.49884007502185
11.231063604354858,60.50154502235684
11.213897466659546,60.50424974398531
11.211837530136108,60.50424974398531
11.218703985214233,60.53939059169388
11.218703985214233,60.56200921883883
11.155532598495483,60.60551399499052
11.134445071220398,60.59725333268536
11.127578616142273,60.59303923853293
11.121742129325867,60.58848739910839
11.11865222454071,60.58410353997276
11.119338870048523,60.581574119833284
11.11590564250946,60.5775266356804
11.11590564250946,60.574490689830746
11.11041247844696,60.570611010618975
11.108352541923523,60.56926144781416
11.10869586467743,60.56504370087223
11.111785769462585,60.56285025498463
11.112129092216492,60.559812930393996
11.112129092216492,60.55677532049335
11.109039187431335,60.5593066818909
11.10491931438446,60.55998167813385
11.105262637138367,60.553568644940725
11.102859377861023,60.55103683440012
11.100799441337585,60.54867363243699
11.10045611858368,60.54580379796335
11.098052859306335,60.53702390044601
11.097366213798523,60.530944114365084
11.097366213798523,60.52739704514254
11.101142764091492,60.52587675365997
11.099769473075867,60.52182229407218
11.091873049736023,60.51692247812771
11.093246340751648,60.51692247812771
11.084319949150085,60.51776732686098
11.07573688030243,60.51776732686098
11.068183779716492,60.51878111625582
11.065093874931335,60.518105260184676
10.99505603313446,60.49968275371906
10.989906191825867,60.49968275371906
10.988876223564148,60.49866836664476
10.98784625530243,60.497823019835586
10.986472964286804,60.497823019835586
10.982696413993835,60.499851815145476
10.980293154716492,60.500358994134544
10.978919863700867,60.49883743336142
10.974799990653992,60.49680857456728
10.966560244560242,60.494103231994714
10.958320498466492,60.491397663680445
10.944244265556335,60.48750801371409
10.947090089321136,60.48674561935158
10.95275491476059,60.48674561935158
10.954128205776215,60.485392556462195
10.953784883022308,60.483616575758816
10.952926576137543,60.48091013246423
10.951038300991058,60.48023348635921
10.950179994106293,60.478541809351995
10.945888459682465,60.47727299370953
10.943141877651215,60.4773575829627
10.94125360250473,60.47532738001962
10.93799203634262,60.47566575599814
10.934387147426605,60.4746506174767
10.933185517787933,60.47439682788419
10.929408967494965,60.47617331334988
10.927177369594574,60.47591953566642
10.925975739955902,60.4734662490632
10.92477411031723,60.47109738255396
10.92202752828598,60.47109738255396
10.916191041469574,60.4746506174767
10.871730744838715,60.476596271744995
10.865379273891449,60.47981057537684
10.859714448451996,60.48006432262782
10.844779908657074,60.478203463365574
10.833793580532074,60.478457223186176
10.807701051235199,60.486322793262055
10.801864564418793,60.48784494138773
10.798259675502777,60.48784494138773
10.793281495571136,60.488859667118334
10.787616670131683,60.48970524764159
10.77972024679184,60.489197901973306
10.776115357875824,60.49080446936136
10.772682130336761,60.4919036538224
10.770278871059418,60.49266460585432
10.768562257289886,60.49300280102548
10.767360627651215,60.493425540029186
10.760322511196136,60.49410191097154
10.75225442647934,60.49832890971528
10.749679505825043,60.50027314408235
10.74349969625473,60.503992224059914
10.736289918422699,60.508893995713585
10.732856690883636,60.51185160268928
10.729423463344574,60.51531588467024
10.72478860616684,60.5182729054862
10.717407166957855,60.52249675272111
10.713973939418793,60.52427060430874
10.71328729391098,60.52342592519387
10.713115632534027,60.52241228117438
10.711570680141449,60.52215886521238
10.711570680141449,60.52097623117113
10.711742341518402,60.52021594362659
10.711570680141449,60.51928667905807
10.711227357387543,60.51835738782904
10.711742341518402,60.517681522916796
10.712257325649261,60.51692115803432
10.712257325649261,60.51582282169464
10.711227357387543,60.514808939713156
10.71054071187973,60.51430198682328
10.710369050502777,60.513795026000544
10.709167420864105,60.51328805724485
10.708652436733246,60.51185160268928
10.708652436733246,60.5103305813907
10.709510743618011,60.509063009098966
10.71054071187973,60.50796440633667
10.711227357387543,60.50686576632905
10.711742341518402,60.50602063328583
10.711914002895355,60.50475289239669
10.712943971157074,60.50382318422728
10.713115632534027,60.50272440382552
10.712428987026215,60.50204821275614
10.712085664272308,60.50137200758024
10.712085664272308,60.50035767336624
10.712600648403168,60.49976596375007
10.712085664272308,60.49900517837295
10.711227357387543,60.49782169896395
10.711399018764496,60.49706086795763
10.692516267299652,60.49207275581715
10.702472627162933,60.468474507218886
10.706077516078949,60.461112402284954
10.710369050502777,60.45417187827484
10.689598023891449,60.447483872747696
10.672431886196136,60.43384962332578
10.68805307149887,60.430715478031324
10.719810426235199,60.43452723663054
10.767360627651215,60.426140777662326
10.809246003627777,60.424276826289805
10.819717347621918,60.427411592335794
10.90280145406723,60.396728729959
10.902973115444183,60.39579592470528
10.900913178920746,60.39426945845212
10.899883210659027,60.39401504045129
10.899711549282074,60.39376062046227
10.899711549282074,60.392827730158736
10.90005487203598,60.391555563938525
10.899196565151215,60.390452979672986
10.899024903774261,60.38985926498818
10.899368226528168,60.389095901629176
10.89953988790512,60.38824769913037
10.900226533412933,60.38765394423538
10.900398194789886,60.386975353956046
10.90005487203598,60.38604226923323
10.900913178920746,60.38544847412626
10.900741517543793,60.384091187512155
10.900226533412933,60.38358219044874
10.900913178920746,60.38239449969957
10.901428163051605,60.38171579982657
10.902458131313324,60.381037085811585
10.902458131313324,60.380103830949416
10.902458131313324,60.37942508334641
10.902458131313324,60.378831167592374
10.912929475307465,60.37068494466005
10.924945771694183,60.35430147806077
10.926490724086761,60.35277306654213
10.928550660610199,60.3524334098096
10.932155549526215,60.3486120277969
10.933185517787933,60.34776277098718
10.933700501918793,60.34708334961848
10.933700501918793,60.34657377430464
10.90880960226059,60.33357691385718
10.884777009487152,60.32014988499221
10.882717072963715,60.31870487558798
10.880657136440277,60.31844986729074
10.874134004116058,60.32108485700456
10.872245728969574,60.320744870279356
10.869499146938324,60.31861987304348
10.849414765834808,60.299403621758614
10.835853517055511,60.28689848763752
10.81988900899887,60.27098368158499
10.81216424703598,60.26315109517393
10.809760987758636,60.258723151797454
10.805297791957855,60.25208011355214
10.800491273403168,60.244583785441996
10.797744691371918,60.241261000354456
10.794998109340668,60.23717095598242
10.776630342006683,60.221402466248314
10.772338807582855,60.21466658319935
10.774398744106293,60.20306739080718
10.77594369649887,60.194023999236926
10.774398744106293,60.18933069131846
10.77422708272934,60.18796523937235
10.775085389614105,60.18728249210149
10.777145326137543,60.18711180306525
10.777660310268402,60.18685576784689
10.777316987514496,60.18608765021153
10.777660310268402,60.18489276483669
10.777145326137543,60.1838685427613
10.775772035121918,60.1833564197426
10.775600373744965,60.18275893279215
10.776115357875824,60.1818200027613
10.776802003383636,60.180881045882856
10.776630342006683,60.180198151289844
10.778003633022308,60.17951524249596
10.778346955776215,60.178320117935264
10.778003633022308,60.17396608209076
10.777316987514496,60.17251460854397
10.777316987514496,60.17097768429447
10.776630342006683,60.169611469041094
10.77422708272934,60.168842947993305
10.774055421352386,60.167818225298475
10.77148050069809,60.16687886808558
10.769935548305511,60.16593948401688
10.769763886928558,60.164829268220075
10.770107209682465,60.16397523054354
10.768905580043793,60.16149839576079
10.767875611782074,60.159960956139514
10.76770395040512,60.15919220935842
10.768905580043793,60.15714213003591
10.769077241420746,60.15398134055951
10.769592225551605,60.153041587781836
10.77045053243637,60.152358114343414
10.77015683054924,60.151972986820866
10.77041432261467,60.15133221006169
10.769126862287521,60.15099045735035
10.766981095075607,60.150862299167756
10.762775391340256,60.150862299167756
10.761316269636154,60.15103317663355
10.759256333112717,60.151460366412614
10.757797211408615,60.151460366412614
10.75444981455803,60.15120405321122
10.752990692853928,60.151460366412614
10.75093075633049,60.151631240770115
10.750244110822678,60.15201570482746
10.749643296003342,60.15222929402779
10.748098343610764,60.15222929402779
10.74492260813713,60.1519302687588
10.742261856794357,60.15133221006169
10.73942944407463,60.15090501861745
10.73719784617424,60.15099045735035
10.735824555158615,60.15120405321122
10.734279602766037,60.151716677615816
10.733507126569748,60.15214385851417
10.73247715830803,60.15218657629874
10.7322196662426,60.15235744688193
10.73170468211174,60.15282733640674
10.73118969798088,60.15308363695325
10.729644745588303,60.15372437957782
10.728872269392014,60.15393795767755
10.72646901011467,60.15462139827247
10.725782364606857,60.1549203990649
10.724838227033615,60.15568924575777
10.724323242902756,60.15624451274162
10.724409073591232,60.15675705855566
10.724752396345139,60.15714146267157
10.724666565656662,60.15752586229212
10.723550766706467,60.15778212620841
10.722263306379318,60.15748315144516
10.721319168806076,60.156927905384386
10.721061676740646,60.156415362234284
10.720890015363693,60.15594552399271
10.72097584605217,60.15556110589105
10.721147507429123,60.15509125543954
10.721576660871506,60.15462139827247
10.721919983625412,60.15372437957782
10.722177475690842,60.15333993550163
10.722005814313889,60.152870053303246
10.72149083018303,60.15261375109165
10.719688385725021,60.152485599236556
10.718830078840256,60.15269918538418
10.718057602643967,60.15316907002473
10.717199295759201,60.15329721921567
10.716340988874435,60.15359623205194
10.716169327497482,60.153767095308766
10.715053528547287,60.15351080009052
10.714366883039474,60.15333993550163
10.71273609995842,60.15329721921567
10.711276978254318,60.15304092033425
10.710075348615646,60.15188755064122
10.709045380353928,60.151588522263985
10.709340088069439,60.15143850644538
10.70805262774229,60.15134238916513
10.707666389644146,60.150915197853145
10.707602016627789,60.15058412076866
10.707623474299908,60.150274400477954
10.707838051021099,60.150103519068686
10.707387439906597,60.14993263677131
10.7068295404315,60.14995399710704
10.705949775874615,60.14997535742891
10.705027095973492,60.15032780073621
10.703846924006939,60.150776359481675
10.703460685908794,60.15100063655959
10.703010074794292,60.151353068876794
10.702881328761578,60.151481225146405
10.702645294368267,60.15155598273966
10.701658241450787,60.151844331864204
10.700757019221783,60.152068601657135
10.699448101222515,60.152068601657135
10.69880437105894,60.15192976815619
10.698439590632915,60.15162006054145
10.69807481020689,60.15131035000924
10.698225013911724,60.15113947398399
10.698139183223248,60.15096859707068
10.697752945125103,60.150819079043025
10.697495453059673,60.15070160011573
10.697516910731792,60.15068024026565
10.697259418666363,60.15044528099913
10.697023384273052,60.15035984084954
10.696486942470074,60.15030644064332
10.696036331355572,60.1504025609521
10.695757381618023,60.15018895988433
10.69556426256895,60.14995399710704
10.695671550929546,60.14971903265069
10.695650093257427,60.14959086951223
10.695392601191998,60.14954814835508
10.695156566798687,60.14962291034368
10.694770328700542,60.14980447446546
10.694534294307232,60.149943316940906
10.694148056209087,60.1501248792934
10.693933479487896,60.150263720415886
10.693804733455181,60.150274400477954
10.69335412234068,60.15014623950426
10.693139545619488,60.149815154676695
10.693032257258892,60.14953746805712
10.692667476832867,60.149484066515264
10.692152492702007,60.14958018922817
10.692045204341412,60.14937726317136
10.691980831325054,60.14921705750505
10.691787712275982,60.14905685105815
10.691680423915386,60.148918004839445
10.691701881587505,60.14871507469594
10.691744796931744,60.14854418518265
10.691873542964458,60.14844805944112
10.692045204341412,60.14841601746483
10.691937915980816,60.148309210651725
10.691701881587505,60.148106276751015
10.69183062762022,60.147988788130796
10.691766254603863,60.1478392565525
10.69157313555479,60.147497467534386
10.69133710116148,60.14752951040575
10.691122524440289,60.14756155324591
10.690671913325787,60.14760427698417
10.690307132899761,60.14764700066696
10.690135471522808,60.14770040519235
10.690028183162212,60.147796533119504
10.689792148768902,60.14808491521492
10.689706318080425,60.14822376495144
10.689534656703472,60.14834125273207
10.68932007998228,60.14842669812708
10.683161728084087,60.14621572707612
10.682732574641705,60.14621572707612
10.682003013789654,60.14632254068912
10.6818313524127,60.14647207916448
10.681681148707867,60.146696385602525
10.681466571986675,60.14678183527172
10.681251995265484,60.1467070668233
10.68110179156065,60.14677115407521
10.681037418544292,60.1468459223779
10.68084429949522,60.14689932820429
10.68058680742979,60.146963415081494
10.680286400020123,60.14692069051057
10.680007450282574,60.14686728471885
10.679814331233501,60.147080907365314
10.679320804774761,60.147080907365314
10.679149143397808,60.1471556749637
10.679299347102642,60.14724112343944
10.679299347102642,60.147273166560595
10.679041855037212,60.147315890673546
10.678913109004498,60.147433381697994
10.67884873598814,60.14751882945211
10.678655616939068,60.14754019135592
10.678312294185162,60.14748678657034
10.678076259791851,60.147582915121966
10.677947513759136,60.1475935960548
10.677647106349468,60.14761495791008
10.677175037562847,60.14760427698417
10.676896087825298,60.1475935960548
10.67683171480894,60.14697409621554
10.676745884120464,60.14538256898748
10.67659568041563,60.14476302749445
10.676724426448345,60.14406869988282
10.67683171480894,60.143951196836746
10.676316730678082,60.14390846835226
10.67628001794219,60.143887020635034
10.676204916089773,60.14380690452475
10.676097627729177,60.14363064839518
10.675939796492457,60.14335019724176
10.676004169508815,60.14302972639884
10.675725219771266,60.14275999435253
10.675188777968287,60.142549014279425
10.675226328894496,60.142287290282646
10.675430176779628,60.142084319218654
10.675569651648402,60.1412430442172
10.675818677991629,60.13984892571503
10.676870103925467,60.138887401469816
10.677814241498709,60.13741835182311
10.678683277219534,60.13609882221483
10.679487939924002,60.134821980023986
10.680359825491905,60.133513282221664
10.688556656241417,60.129922756893514
10.694865211844444,60.12727235592379
10.695766434073448,60.126652473285056
10.696066841483116,60.12603257897058
10.696882233023643,60.12590432351672
10.698083862662315,60.12590432351672
10.698641762137413,60.125733315467464
10.69919966161251,60.125412672980175
10.700787529349327,60.12532716778935
10.704392418265343,60.12517753317085
10.705036148428917,60.12425833416085
10.705036148428917,60.12351012996872
10.704778656363487,60.12269777473147
10.703920349478722,60.12130817324253
10.70396326482296,60.12113714131268
10.70469282567501,60.120474384191105
10.705808624625206,60.11993989292201
10.706795677542686,60.11961919399503
10.707353577017784,60.11944815328989