12.051208019256592,63.18535642270488
11.975677013397217,63.27072124033326
12.086913585662842,63.35829753979324
12.213256359100342,63.47874063576884
12.150084972381592,63.595625144035424
12.298400402069092,63.670643046562034
12.329986095428467,63.71811278005457
12.681548595428467,63.974765240204725
12.931487560272217,64.0595965492661
13.210265636444092,64.0956168685085
13.708770275115967,64.04757942018668
13.968322277069092,64.00848796167759
14.156463146209717,64.19622617717977
14.115264415740967,64.4621484974528
14.085052013397217,64.4787204802939
13.892791271209717,64.5059241009608
13.657958507537842,64.5791208732912
13.655211925506592,64.58029985735102
13.701903820037842,64.63506627283822
13.708770275115967,64.64506541998199
13.795287609100342,64.71261008472037
14.047973155975342,64.91714765453384
14.164702892303467,65.00433215370747
14.230620861053467,65.05071453364735
14.326751232147217,65.12013707369162
14.315475225448608,65.1215769380623
14.298309087753296,65.11608788326919
14.279769659042358,65.12417662092103
14.261916875839233,65.12331008823236
14.250930547714233,65.13168538704988
14.191879034042358,65.13110786501336
14.174712896347046,65.13803730062675
14.168533086776733,65.13861467197343
14.163039922714233,65.13890335293821
14.157546758651733,65.13774861024483
14.130080938339233,65.13197414335863
14.070342779159546,65.1224435272797
14.062789678573608,65.1224435272797
14.018157720565796,65.12908643898295
13.950866460800171,65.12764246905023
13.931640386581421,65.11926589529399
13.836196660995483,65.11897700081457
13.785384893417358,65.1105976945339
13.715347051620483,65.11319845161242
13.632262945175171,65.10510637167258
13.534072637557983,65.11666573190634
13.413909673690796,65.0996139145014
13.301299810409546,65.10279389639126
13.157104253768921,65.11608788326919
13.087753057479858,65.11030870581742
13.053420782089233,65.07416036703856
13.030074834823608,65.07329220327709
13.019775152206421,65.07271341171077
12.997802495956421,65.06837207394385
12.969650030136108,65.03361588536988
12.933257818222046,65.03941173096662
12.910598516464233,65.031587041865
12.910598516464233,65.0176708150343
12.923644781112671,65.01303045998849
12.935317754745483,65.00577829047818
12.946990728378296,65.00113586838383
12.937377691268921,64.9869134310854
12.908538579940796,64.97442628006525
12.775329351425171,64.97587857397978
12.791808843612671,64.95437656987067
12.771896123886108,64.94187422369262
12.752670049667358,64.94158340200539
12.736877202987671,64.94507305388157
12.718337774276733,64.95321380712966
12.657912969589233,64.94681770934297
12.629073858261108,64.93954756179058
12.587188482284546,64.96251449523666
12.583068609237671,64.98749408690284
12.562469244003296,64.99068746846443
12.527450323104858,64.97936375766459
12.515090703964233,64.97791165298939
12.508910894393921,64.97733078904224
12.480071783065796,64.98400996280984
12.471145391464233,64.98371959863937
12.466338872909546,64.98284848720779
12.456039190292358,64.98749408690284
12.447799444198608,64.9886553607019
12.416213750839233,64.99213887942705
12.400420904159546,64.99271942174383
12.390807867050171,64.99126804230744
12.379134893417358,64.9886553607019
12.365401983261108,64.98459068169075
12.278884649276733,64.96048024583376
12.269271612167358,64.9616426929964
12.261031866073608,64.96512973157326
12.249358892440796,64.97152145566658
12.241805791854858,64.96919736902605
12.235625982284546,64.96832578448407
12.213653326034546,64.9738453404201
12.208160161972046,64.97326438815787
12.205413579940796,64.97268342327837
12.184814214706421,64.97936375766459
12.180694341659546,64.98342923131558
12.180694341659546,64.98778441008206
12.182067632675171,64.99242915216172
12.190994024276733,64.99765352232471
12.193740606307983,64.99968494601752
12.162841558456421,65.0063585365139
12.151855230331421,65.01970071676725
12.138808965682983,65.02231036362248
12.129195928573608,65.01825080270872
12.12664783000946,65.0166535405953
12.122527956962585,65.01186797911134
12.131797671318054,64.99997286969122
12.115318179130554,65.00403520997989
12.08544909954071,65.00026305734092
12.077552676200867,65.00330983737591
12.07823932170868,65.00548589609794
12.073089480400085,65.00592108657035
12.07171618938446,65.00722661544532
12.071029543876648,65.00867712824352
12.06896960735321,65.01085274973612
12.065193057060242,65.0127381449987
12.06450641155243,65.01404334066228
12.06175982952118,65.01302819399312
12.05901324748993,65.01346326157724
12.051803469657898,65.01462340714505
12.049056887626648,65.0166535405953
12.04150378704071,65.02883109994004
12.041847109794617,65.0301355089218
12.037727236747742,65.03028043931674
12.040473818778992,65.03419326240447
12.038070559501648,65.04303123152077
12.037383913993835,65.04607313343281
12.038413882255554,65.04824570804806
12.040817141532898,65.05085256389299
12.043907046318054,65.05331436034305
12.045966982841492,65.05649987706673
12.04528033733368,65.05838204889086
12.04528033733368,65.05997455198546
12.045966982841492,65.06200123645523
12.04802691936493,65.06489623256508
12.04974353313446,65.06663307922808
12.04528033733368,65.06764618748396
12.039443850517273,65.06735673191433
12.033950686454773,65.06793563990796
12.029487490653992,65.06836981264603
12.020904421806335,65.0682250891864
12.007514834403992,65.06836981264603
11.98382556438446,65.06808036494037
11.98485553264618,65.07068528105422
11.981422305107117,65.07068528105422
11.97558581829071,65.07271115078153
11.968032717704773,65.07459217753537
11.963569521903992,65.07574966641616
11.959792971611023,65.07763047853012
11.954087242484093,65.07619981878963
11.952756866812706,65.07518703589406
11.952456459403038,65.07424656013822
11.951530426740646,65.07299885248321
11.942174881696701,65.06739121799686
11.925094574689865,65.06789776252354
11.918142288923264,65.0675359459875
11.912048310041428,65.06655901678947
11.907413452863693,65.06626954940518
11.878746002912521,65.06634191654615
11.880205124616623,65.06872992190425
11.894195526838303,65.07133477448937
11.899431198835373,65.07639903633716
11.917026489973068,65.07987111639578
11.924322098493576,65.09285123672684
11.92449375987053,65.0945862604865
11.923034638166428,65.09570673652773
11.926038712263107,65.09671873883926
11.921146363019943,65.09975451477455
11.942604035139084,65.10835399847672
11.946895569562912,65.11001576287696
11.960370987653732,65.11691458667725
11.949556320905685,65.11850359076587
11.935909241437912,65.12655549146066
11.94020077586174,65.13756423017466
11.93968579173088,65.13814161180916
11.940029114484787,65.13850246895444
11.940887421369553,65.13893549105457
11.941574066877365,65.1392241685309
11.942174881696701,65.13972934656137
11.94320484995842,65.14019843183927
11.944063156843185,65.14066750882859
11.944663971662521,65.14110049561596
11.944492310285568,65.14128090469298
11.944663971662521,65.14178604358592
11.942775696516037,65.1418942863838
11.94243237376213,65.14330140259119
11.943891495466232,65.1436621896037
11.944921463727951,65.14434767141698
11.943891495466232,65.1448527519514
11.945264786481857,65.14575465757113
11.945093125104904,65.14611541123753
11.94371983408928,65.14651223460683
11.944492310285568,65.14680082969419
11.944749802350998,65.14748623044908
11.944492310285568,65.14795517866115
11.94595143198967,65.14824375805745
11.946037262678146,65.14903733521632
11.944406479597092,65.14907340634147
11.943033188581467,65.14910947741762
11.941745728254318,65.14936197357767
11.941059082746506,65.1492898320628
11.94045826792717,65.14907340634147
11.938999146223068,65.14878483596723
11.910338401794434,65.16228960878063
11.838927268981934,65.15882828199221
11.487364768981934,65.23602371611103
11.402220726013184,65.29692948313657
11.020445823669434,65.39660256329576
10.580992698669434,65.46968440290995
9.699339866638184,64.72962568982706
10.449156761169434,64.43965115060428
10.512328147888184,64.43372528743
10.528807640075684,64.41356776644108
10.578246116638184,64.40526330325312
10.597472190856934,64.39814319137813
10.627684593200684,64.38270994534508
10.693602561950684,64.3838974260474
10.721068382263184,64.36726802458797
10.710082054138184,64.35538371872903
10.701842308044434,64.34468345145324
10.715575218200684,64.33159969459615
10.745787620544434,64.31255767182846
10.784239768981934,64.31136710831873
10.874876976013184,64.28754503508672
10.938048362731934,64.27920244658272
10.913329124450684,64.22909392387123
10.885863304138184,64.20998105049497
10.740294456481934,64.17530530847489
10.786986351013184,64.11182018596152
10.872130393981934,64.11541755986414
10.888609886169434,64.10102527134126
10.836424827575684,64.08662553333345
10.825438499450684,64.0878257961016
10.822691917419434,64.07221834289481
10.803465843200684,64.04939170958242
10.754027366638184,64.02774922687168
10.781493186950684,64.00970099550071
10.778746604919434,63.992845451672544
10.767760276794434,63.988027714319244
10.745787620544434,63.971159094385094
10.729308128356934,63.954280298805315
10.721068382263184,63.942217783672874
10.619444847106934,63.90962303526292
10.564513206481934,63.86489457908793
10.517821311950684,63.83826549528443
10.457396507263184,63.77279624451908
10.443663597106934,63.78735811077413
10.410704612731934,63.78371834869014
10.438170433044434,63.76915460366937
10.443663597106934,63.74972458351388
10.416197776794434,63.725418255468064
10.309081077575684,63.684049514125206
10.232176780700684,63.65968671208385
10.210204124450684,63.63286344196548
10.177245140075684,63.61333968334524
10.149779319763184,63.58769438463677
10.147032737731934,63.573029543406655
10.147032737731934,63.549794756683255
10.177245140075684,63.52776536906812
10.240416526794434,63.49591508887668
10.449156761169434,63.515519465873744
10.495848655700684,63.515519465873744
10.534300804138184,63.49959193468134
10.649657249450684,63.49223776984416
10.715575218200684,63.467710212648555
10.784239768981934,63.456665945831354
10.844664573669434,63.452983576188274
10.858397483825684,63.43579291960072
10.861937999725342,63.40014125335235
10.857818126678467,63.376765517521726
10.848205089569092,63.356450089079125
10.857818126678467,63.34659501308724
10.897643566131592,63.33858527631429
10.963561534881592,63.32810763922974
11.000640392303467,63.33673655875173
11.034972667694092,63.340433875082184
11.131103038787842,63.34289848865762
11.191527843475342,63.348443097144376
11.459319591522217,63.32687472520642
11.559569835662842,63.2620725279962
11.633727550506592,63.18101960265257
11.934478282928467,63.1965052642169
12.055327892303467,63.1810196026525